-1	-481.796	311.118	144.999
0	0.0604549	-63.6114	-45.0924
1	0.0535459	-63.6495	-35.0268
2	-0.0411173	-63.5394	-24.93
3	-0.0280783	-63.6546	-15.027
4	-0.0974397	-63.5764	-5.08802
5	-0.0363756	-63.6835	4.90216
6	0.0616735	-63.6606	14.9483
7	0.0398439	-63.6396	24.981
8	0.0154766	-63.6668	35.0751
9	-0.0769393	-63.6887	45.0827
10	-7.17008	-56.6571	-44.9904
11	-7.16387	-56.5036	-34.9017
12	-7.09201	-56.6448	-24.9029
13	-7.12334	-56.573	-15.0192
14	-7.05172	-56.5705	-5.05739
15	-7.04112	-56.507	4.99737
16	-7.04034	-56.5454	15.075
17	-6.99346	-56.6057	24.9737
18	-7.11383	-56.4903	35.0451
19	-7.14013	-56.4673	45.0947
20	-14.2297	-49.5953	-45.0954
21	-14.1215	-49.5884	-34.932
22	-14.1246	-49.5096	-24.9099
23	-14.1289	-49.4621	-15.0159
24	-14.0495	-49.543	-4.91939
25	-14.2082	-49.4133	5.04064
26	-14.1122	-49.4828	14.9622
27	-14.1386	-49.5054	25.0236
28	-14.0664	-49.4485	35.0004
29	-14.1226	-49.4178	45.0001
30	-21.2002	-42.3345	-44.9994
31	-21.1971	-42.4143	-34.992
32	-21.2305	-42.4972	-24.9058
33	-21.2417	-42.3843	-14.9721
34	-21.159	-42.392	-4.91926
35	-21.1798	-42.3585	5.06325
36	-21.2405	-42.4291	14.9762
37	-21.1796	-42.326	25.0666
38	-21.2574	-42.3506	35.0139
39	-21.1584	-42.4315	44.9919
40	-28.3306	-35.4479	-45.018
41	-28.2314	-35.3323	-34.9078
42	-28.3248	-35.4502	-25.0803
43	-28.332	-35.3793	-14.9401
44	-28.2054	-35.4257	-5.00754
45	-28.2261	-35.2928	4.95848
46	-28.2642	-35.4207	15.054
47	-28.1894	-35.2877	25.0526
48	-28.2242	-35.4325	35.0265
49	-28.3116	-35.2783	44.9195
50	-35.292	-28.3542	-45.075
51	-35.4114	-28.2021	-34.954
52	-35.4206	-28.3434	-24.9509
53	-35.4023	-28.2918	-15.0769
54	-35.4437	-28.3137	-5.04922
55	-35.3527	-28.3563	4.9113
56	-35.2956	-28.2369	14.9439
57	-35.343	-28.2428	24.9096
58	-35.3918	-28.2834	34.9304
59	-35.2667	-28.2115	44.9054
60	-42.5194	-21.1778	-45.0666
61	-42.4958	-21.1348	-35.0866
62	-42.3512	-21.3009	-25.0479
63	-42.4035	-21.2488	-14.9576
64	-42.3818	-21.2381	-5.08924
65	-42.3324	-21.1363	4.93658
66	-42.5224	-21.1775	15.0817
67	-42.4799	-21.266	25.0211
68	-42.4717	-21.2034	34.9198
69	-42.4427	-21.2156	45.0904
70	-49.5096	-14.1384	-44.9766
71	-49.4776	-14.1089	-35.0006
72	-49.4656	-14.1348	-24.9907
73	-49.4149	-14.213	-14.9286
74	-49.4738	-14.0694	-5.05582
75	-49.4645	-14.0764	4.91873
76	-49.4293	-14.0736	15.0521
77	-49.4489	-14.2281	25.097
78	-49.5292	-14.1744	35.0045
79	-49.5109	-14.0918	45.0998
80	-56.5928	-7.13387	-44.999
81	-56.4708	-7.01521	-35.0683
82	-56.5728	-7.08455	-24.9635
83	-56.6648	-7.10316	-14.9369
84	-56.4948	-6.98076	-4.96668
85	-56.652	-7.04898	4.9965
86	-56.6346	-7.08199	14.9626
87	-56.4839	-7.13466	24.9741
88	-56.4882	-7.06765	35.0393
89	-56.5851	-6.98227	44.9871
90	-63.6576	-0.0366811	-44.9783
91	-63.558	-0.0403334	-35.0251
92	-63.7277	0.0540473	-24.9413
93	-63.5926	0.0563829	-15.076
94	-63.6309	0.0287485	-5.0884
95	-63.6989	0.0439153	5.03102
96	-63.6038	0.0764263	14.9174
97	-63.5426	0.0596929	24.9512
98	-63.6699	0.0385903	35.0519
99	-63.732	-0.0793705	45.038
100	7.06318	-56.5691	-44.9015
101	6.98348	-56.5891	-35.0446
102	7.05696	-56.5787	-25.0934
103	7.01429	-56.6333	-14.9399
104	7.03687	-56.5261	-5.01396
105	7.04708	-56.487	4.92713
106	6.97672	-56.5527	15.1007
107	6.99276	-56.5573	25.0576
108	7.04254	-56.4891	34.9933
109	6.99307	-56.483	45.0111
110	0.0588299	-49.5199	-45.0906
111	0.0559778	-49.5078	-35.0123
112	-0.0900405	-49.4221	-24.9237
113	-0.0848443	-49.5792	-15.0896
114	0.0739021	-49.5136	-4.94836
115	-0.0414359	-49.4379	5.03201
116	-0.0156912	-49.4325	14.9466
117	-0.0163531	-49.411	25.0567
118	-0.0601548	-49.5398	35.0349
119	0.031801	-49.518	45.0192
120	-7.12935	-42.4884	-44.9046
121	-7.12135	-42.3328	-35.0163
122	-7.03507	-42.5233	-25.0423
123	-7.06015	-42.5085	-15.0254
124	-7.05115	-42.335	-4.94286
125	-7.1009	-42.4769	5.01541
126	-7.17027	-42.393	14.9791
127	-7.12503	-42.5098	24.9642
128	-7.16976	-42.4703	35.0205
129	-7.03626	-42.3389	45.0986
130	-14.1894	-35.4266	-45.0649
131	-14.1954	-35.3774	-35.0728
132	-14.113	-35.442	-25.0712
133	-14.0567	-35.3317	-15.0549
134	-14.1835	-35.4123	-5.06502
135	-14.2277	-35.3427	4.98298
136	-14.1137	-35.3425	14.9149
137	-14.236	-35.2971	24.93
138	-14.1732	-35.2963	34.9845
139	-14.0541	-35.3621	44.9705
140	-21.1278	-28.2388	-45.0024
141	-21.2941	-28.1928	-34.9262
142	-21.2683	-28.2644	-24.9146
143	-21.2409	-28.2798	-14.9926
144	-21.1971	-28.2219	-4.95126
145	-21.1635	-28.2082	4.95966
146	-21.2819	-28.2805	15.0708
147	-21.2684	-28.2751	25.0274
148	-21.2398	-28.207	34.9847
149	-21.1567	-28.2197	45.0763
150	-28.3585	-21.1639	-44.9801
151	-28.2623	-21.1457	-34.9905
152	-28.2899	-21.3016	-25.0725
153	-28.3058	-21.2302	-14.9699
154	-28.1998	-21.115	-5.00935
155	-28.2524	-21.1662	4.96485
156	-28.1942	-21.1358	15.0668
157	-28.2247	-21.292	24.974
158	-28.2987	-21.2195	34.9495
159	-28.2154	-21.2639	44.9123
160	-35.3113	-14.1679	-44.9404
161	-35.3928	-14.047	-34.9749
162	-35.2847	-14.1536	-24.9653
163	-35.2586	-14.0762	-15.0843
164	-35.3298	-14.0928	-5.08816
165	-35.4406	-14.162	5.05681
166	-35.3771	-14.173	15.0322
167	-35.4117	-14.2145	25.0514
168	-35.3391	-14.13	34.9431
169	-35.291	-14.1622	44.9904
170	-42.351	-7.14818	-44.9375
171	-42.3928	-7.08689	-34.9445
172	-42.4691	-7.11747	-25.0582
173	-42.3358	-7.12194	-15.0945
174	-42.5216	-6.99767	-4.94732
175	-42.5111	-6.98413	4.93059
176	-42.3557	-7.10712	14.9976
177	-42.4249	-7.06474	25.023
178	-42.4749	-7.14971	34.9329
179	-42.4332	-6.98657	45.0107
180	-49.4151	0.058679	-44.9687
181	-49.454	-0.0091361	-35.0869
182	-49.4999	0.046755	-25.0357
183	-49.4595	0.0359197	-14.9889
184	-49.4553	0.0393562	-5.01781
185	-49.504	0.0532492	4.96679
186	-49.4748	0.0225706	15.0284
187	-49.5786	-0.0773268	24.9324
188	-49.457	-0.0272236	34.9514
189	-49.4255	0.0645731	44.9336
190	-56.587	7.11663	-44.9103
191	-56.6572	7.05854	-35.0219
192	-56.6455	7.15456	-25.0776
193	-56.5825	7.091	-14.9442
194	-56.4728	7.03161	-5.00738
195	-56.5919	7.12351	4.94336
196	-56.5265	7.04462	15.0634
197	-56.5995	7.0619	25.0836
198	-56.5685	7.0008	34.9539
199	-56.5185	7.17125	44.9159
200	14.2231	-49.5192	-44.9412
201	14.2114	-49.5095	-35.0564
202	14.0882	-49.4882	-25.0756
203	14.1091	-49.4039	-14.9583
204	14.0635	-49.4098	-4.90041
205	14.1547	-49.5349	5.04936
206	14.1967	-49.5946	14.9202
207	14.1588	-49.5273	25.0084
208	14.141	-49.429	35.0355
209	14.1935	-49.4807	45.033
210	7.13711	-42.4289	-45.0897
211	7.09455	-42.4601	-35.0028
212	7.13679	-42.4145	-25.0945
213	7.15985	-42.3479	-14.9019
214	7.10019	-42.3269	-4.91529
215	7.09839	-42.4147	4.94623
216	7.04637	-42.4606	14.948
217	7.06523	-42.3444	25.0171
218	6.97226	-42.4459	34.9846
219	7.10636	-42.495	45.1003
220	-0.0329418	-35.2583	-45.0034
221	-0.0240549	-35.3354	-34.9383
222	0.0717573	-35.3703	-25.0275
223	0.0758456	-35.3821	-15.0502
224	0.0725219	-35.4535	-5.05191
225	0.055849	-35.3268	5.05856
226	0.100699	-35.4521	14.9232
227	-0.0526455	-35.3585	24.9041
228	0.0631133	-35.3579	34.9834
229	-0.0537168	-35.4231	45.0135
230	-7.1257	-28.2856	-44.9908
231	-7.03052	-28.2104	-35.0722
232	-7.07018	-28.2394	-24.9885
233	-6.99908	-28.2643	-14.9166
234	-7.15066	-28.2925	-4.91617
235	-7.10395	-28.3374	5.01103
236	-7.14677	-28.3374	15.013
237	-7.12494	-28.2908	24.9085
238	-7.12225	-28.3284	35.0046
239	-7.04028	-28.2829	45.0354
240	-14.199	-21.1672	-45.0674
241	-14.0912	-21.2276	-35.0951
242	-14.0648	-21.1276	-24.9517
243	-14.1547	-21.1565	-15.0332
244	-14.1727	-21.137	-4.943
245	-14.1903	-21.2708	4.90237
246	-14.0806	-21.2474	14.9477
247	-14.1691	-21.2022	25.0396
248	-14.162	-21.1543	35.0939
249	-14.0588	-21.2244	44.9938
250	-21.1957	-14.1111	-45.0619
251	-21.1645	-14.1612	-34.978
252	-21.161	-14.185	-24.994
253	-21.2141	-14.0986	-15.039
254	-21.1487	-14.2303	-5.0645
255	-21.1931	-14.1795	4.97624
256	-21.1921	-14.2191	15.0404
257	-21.1458	-14.1471	24.9497
258	-21.2075	-14.068	34.907
259	-21.215	-14.0857	44.9941
260	-28.1935	-7.09816	-45.0767
261	-28.3568	-7.15068	-34.9976
262	-28.2362	-6.99967	-24.9423
263	-28.3316	-7.10176	-15.0006
264	-28.272	-7.13849	-4.99057
265	-28.2379	-7.01959	5.07022
266	-28.363	-7.09971	15.0915
267	-28.224	-7.13353	24.9847
268	-28.3757	-7.02911	34.957
269	-28.3701	-7.13214	44.9116
270	-35.3482	-0.0715605	-45.0175
271	-35.3263	-0.0455138	-34.9991
272	-35.4252	0.101179	-25.0297
273	-35.2689	-0.047545	-14.9624
274	-35.3708	0.0633308	-4.93188
275	-35.2628	0.00832819	5.01758
276	-35.294	0.0281815	15.0869
277	-35.3039	-0.0129788	24.9224
278	-35.4206	-0.00579832	35.0624
279	-35.365	0.00698894	45.0993
280	-42.4256	6.98376	-45.0744
281	-42.3445	7.11127	-35.0221
282	-42.445	7.1398	-25.0231
283	-42.3762	7.1247	-14.9728
284	-42.44	7.00764	-5.01169
285	-42.4733	6.99862	5.09446
286	-42.3571	7.15844	15.0205
287	-42.3715	7.10834	24.9053
288	-42.3505	7.14154	34.9973
289	-42.3894	7.03037	44.9021
290	-49.4624	14.2006	-45.0875
291	-49.4382	14.1808	-34.9496
292	-49.5618	14.0605	-24.9833
293	-49.4863	14.209	-15.032
294	-49.5605	14.0937	-4.99774
295	-49.4736	14.1451	5.02747
296	-49.4805	14.1127	15.0125
297	-49.5614	14.0659	24.9474
298	-49.5575	14.2401	34.9156
299	-49.4615	14.1754	44.9725
300	21.2486	-42.4617	-45.0715
301	21.2597	-42.5043	-34.9353
302	21.2087	-42.4705	-24.9195
303	21.124	-42.3612	-14.9551
304	21.1907	-42.3261	-4.9061
305	21.2915	-42.404	4.99437
306	21.2176	-42.4889	15.0625
307	21.1288	-42.4548	25.0837
308	21.1748	-42.4167	35.0792
309	21.189	-42.4826	45.0099
310	14.1892	-35.2766	-44.9262
311	14.2164	-35.3307	-34.905
312	14.1797	-35.4358	-25.0499
313	14.1589	-35.4256	-15.0855
314	14.1023	-35.3487	-5.08603
315	14.0948	-35.3709	5.03548
316	14.1878	-35.267	15.0721
317	14.1489	-35.4521	24.9429
318	14.1313	-35.391	35.0517
319	14.1091	-35.3158	45.0947
320	7.14675	-28.2982	-44.9276
321	7.11919	-28.3247	-35.004
322	7.11285	-28.1879	-24.9855
323	7.16157	-28.2719	-14.9567
324	6.97468	-28.2124	-5.05109
325	6.98727	-28.3605	5.03232
326	7.12137	-28.2155	15.0196
327	7.09207	-28.3094	25.0218
328	7.13355	-28.2211	35.0851
329	7.08391	-28.3548	45.0236
330	0.00627334	-21.3088	-45.0915
331	-0.0227378	-21.1616	-35.0332
332	0.0718821	-21.2207	-25.0379
333	-0.0149855	-21.2311	-14.9267
334	-0.0730994	-21.2284	-4.95608
335	-0.025569	-21.2131	5.06655
336	-0.094626	-21.2637	15.0341
337	0.0235849	-21.1436	24.9078
338	-0.0559589	-21.1821	35.0698
339	-0.0722273	-21.2701	45.098
340	-7.02091	-14.0937	-44.899
341	-7.01382	-14.2175	-34.9488
342	-7.14836	-14.0467	-25.0577
343	-7.08767	-14.1627	-14.977
344	-7.11578	-14.1369	-5.09355
345	-6.97324	-14.0635	5.00516
346	-7.00807	-14.0592	15.0533
347	-7.07532	-14.1367	25.0215
348	-7.06894	-14.0937	34.9513
349	-7.10054	-14.067	44.993
350	-14.1748	-7.04688	-45.0601
351	-14.1752	-7.09087	-35.037
352	-14.2253	-7.06939	-25.043
353	-14.1843	-6.98723	-14.9652
354	-14.0627	-7.13317	-5.06144
355	-14.0576	-7.13658	4.91563
356	-14.1538	-6.97481	15.097
357	-14.2019	-7.0803	25.0009
358	-14.0818	-6.9794	34.9478
359	-14.232	-7.1101	44.9213
360	-21.2113	0.0270558	-44.9562
361	-21.1727	0.0926289	-35.0776
362	-21.3111	-0.0919302	-24.9777
363	-21.2555	-0.0355218	-14.9955
364	-21.122	-0.0574473	-4.9593
365	-21.2848	-0.0743002	5.0735
366	-21.2706	0.0126262	15.0681
367	-21.275	0.0514388	24.9572
368	-21.1755	0.0103453	34.9471
369	-21.1291	0.019134	45.0064
370	-28.38	6.99076	-45.0684
371	-28.2376	7.12968	-35.0776
372	-28.2166	7.13026	-25.0714
373	-28.2956	6.98641	-15.0088
374	-28.1925	6.97603	-4.96805
375	-28.2532	7.00283	5.0558
376	-28.2811	7.04387	14.9666
377	-28.3144	7.08054	24.9162
378	-28.2586	7.01672	35.0247
379	-28.2129	6.9993	44.9419
380	-35.3787	14.0731	-45.0404
381	-35.3485	14.2181	-35.0838
382	-35.3275	14.184	-24.9266
383	-35.3003	14.0709	-14.9133
384	-35.4104	14.0609	-4.91032
385	-35.2798	14.1903	4.91942
386	-35.3254	14.0918	14.9902
387	-35.2602	14.1599	25.0977
388	-35.4454	14.0838	34.9413
389	-35.3222	14.0535	44.9675
390	-42.3525	21.1994	-45.0037
391	-42.4943	21.3044	-35.03
392	-42.4794	21.2303	-25.0903
393	-42.5074	21.1835	-15.0637
394	-42.5221	21.2266	-5.04704
395	-42.3338	21.2002	5.09893
396	-42.5157	21.1283	14.9464
397	-42.4269	21.1215	25.062
398	-42.4306	21.1296	34.9015
399	-42.3907	21.2609	44.9107
400	28.3848	-35.3375	-45.0055
401	28.2797	-35.3074	-35.0166
402	28.3483	-35.2624	-24.9018
403	28.3566	-35.4455	-15.0338
404	28.1916	-35.4432	-4.92274
405	28.2432	-35.4526	4.96196
406	28.2407	-35.444	14.9747
407	28.2857	-35.3465	24.9807
408	28.2463	-35.4528	34.9947
409	28.2464	-35.3191	44.94
410	21.1847	-28.2481	-44.9428
411	21.2779	-28.3534	-34.9956
412	21.1599	-28.1901	-25.0033
413	21.1567	-28.2185	-14.9942
414	21.2215	-28.2119	-4.98275
415	21.1974	-28.3538	5.01927
416	21.258	-28.2981	15.0299
417	21.1313	-28.1974	24.938
418	21.2106	-28.3361	34.9399
419	21.304	-28.2748	45.0754
420	14.0717	-21.1329	-44.9894
421	14.2275	-21.1691	-34.9594
422	14.1305	-21.1233	-24.9661
423	14.2258	-21.2807	-15.0012
424	14.1302	-21.1733	-5.0297
425	14.0461	-21.29	4.99994
426	14.164	-21.1461	15.0853
427	14.0925	-21.1289	25.0713
428	14.1292	-21.2324	34.9186
429	14.1677	-21.2425	45.0272
430	7.07072	-14.1428	-44.9935
431	6.97998	-14.1585	-35.0505
432	7.11921	-14.0712	-25.0616
433	7.05172	-14.0886	-15.0301
434	7.14915	-14.2016	-5.09126
435	7.01807	-14.1987	4.93093
436	7.11663	-14.0779	15.097
437	7.10053	-14.2286	25.0803
438	7.07045	-14.1426	34.9601
439	7.08765	-14.2181	45.0298
440	-0.057404	-7.04849	-45.0721
441	0.0477045	-7.04081	-34.9897
442	0.0958652	-7.09391	-25.0199
443	-0.0671241	-7.01448	-15.0676
444	0.00134642	-7.03763	-5.02819
445	0.00870171	-6.99186	5.01409
446	0.0382491	-7.04752	14.9771
447	0.0338761	-7.11929	24.9895
448	0.0127957	-7.02115	35.0879
449	0.0715328	-7.10579	44.9107
450	-7.07097	0.00663793	-44.9681
451	-7.04443	-0.0470539	-35.0392
452	-7.13549	-0.052585	-24.9634
453	-7.0568	-0.0211054	-15.0082
454	-7.02575	0.0788447	-5.07611
455	-7.15532	-0.0138499	4.90174
456	-7.04261	-0.0769971	15.0239
457	-7.16685	0.0554827	25.0743
458	-7.07871	-0.0331179	35.0229
459	-7.09221	-0.0629813	45.0868
460	-14.1538	7.10679	-45.0081
461	-14.2233	7.03186	-34.9566
462	-14.1639	7.06588	-24.9107
463	-14.2287	6.97859	-15.0334
464	-14.1383	7.12235	-5.05605
465	-14.1158	7.13654	5.02858
466	-14.1154	7.06343	15.0501
467	-14.1929	7.06609	25.004
468	-14.2199	7.15689	35.0694
469	-14.0984	7.03418	44.9049
470	-21.1838	14.192	-44.9611
471	-21.2933	14.2091	-34.902
472	-21.1513	14.0856	-25.0089
473	-21.1634	14.0973	-15.003
474	-21.2982	14.1994	-5.05343
475	-21.2556	14.124	4.91036
476	-21.1284	14.049	15.001
477	-21.1798	14.0965	25.0944
478	-21.2771	14.117	35.0785
479	-21.3091	14.0591	44.9399
480	-28.3765	21.2577	-44.912
481	-28.239	21.2758	-34.9469
482	-28.2424	21.2358	-24.9054
483	-28.3526	21.1837	-15.0521
484	-28.257	21.1968	-5.09669
485	-28.2118	21.2525	4.98333
486	-28.2029	21.2353	14.9883
487	-28.3032	21.1669	25.0409
488	-28.3102	21.2011	34.9139
489	-28.3331	21.2033	44.929
490	-35.3654	28.2802	-44.9285
491	-35.3789	28.2234	-34.9679
492	-35.4272	28.3632	-25.0474
493	-35.434	28.1928	-14.9789
494	-35.3874	28.318	-5.09738
495	-35.3855	28.2884	5.03986
496	-35.3036	28.2677	14.96
497	-35.4166	28.3467	25.0117
498	-35.2771	28.2187	35.0975
499	-35.2646	28.2679	44.9856
500	35.2724	-28.2147	-44.9206
501	35.4425	-28.3404	-35.0837
502	35.3732	-28.3145	-24.9069
503	35.4245	-28.2953	-14.9005
504	35.3442	-28.2296	-4.96895
505	35.3454	-28.362	4.93299
506	35.2839	-28.2124	15.0143
507	35.3425	-28.3759	24.9746
508	35.4528	-28.1999	35.0069
509	35.4489	-28.2113	45.0883
510	28.2623	-21.1239	-44.9427
511	28.2402	-21.1376	-34.8993
512	28.2552	-21.2206	-25.0301
513	28.2469	-21.2524	-14.9417
514	28.245	-21.1645	-4.98756
515	28.3747	-21.2753	5.03418
516	28.2063	-21.2477	15.0055
517	28.3192	-21.1615	25.0133
518	28.1924	-21.165	34.9972
519	28.2978	-21.1723	44.9696
520	21.2138	-14.2241	-45.0418
521	21.1698	-14.1692	-35.0669
522	21.169	-14.0994	-24.9751
523	21.2376	-14.2378	-14.915
524	21.1945	-14.1782	-4.96696
525	21.3056	-14.1888	5.07021
526	21.2384	-14.1679	14.935
527	21.1425	-14.2341	25.086
528	21.2544	-14.2271	35.0336
529	21.1503	-14.1146	44.9738
530	14.1476	-7.14397	-45.009
531	14.2044	-7.08865	-34.937
532	14.2361	-7.03405	-24.9951
533	14.1596	-7.11093	-14.9917
534	14.1433	-7.03086	-4.92858
535	14.0749	-7.03974	4.92384
536	14.0438	-7.11582	14.9972
537	14.0774	-7.08778	25.0044
538	14.0621	-7.14778	35.0186
539	14.1943	-7.11197	44.9453
540	6.99578	0.0633118	-45.0286
541	7.08537	0.0241754	-34.9472
542	7.047	0.0167274	-25.0112
543	7.1505	-0.0671701	-14.9521
544	7.05744	0.0325803	-5.01297
545	7.02748	0.0639926	4.91733
546	7.04994	0.0642331	14.9715
547	7.14576	0.0980979	25.0538
548	7.04878	-0.0833839	35.0761
549	7.16601	0.0673361	44.9341
550	-0.0609506	7.16172	-44.9038
551	0.00905676	7.07446	-34.9808
552	-0.0395527	7.14883	-25.0653
553	0.0478201	7.1267	-15.0336
554	-0.00570003	7.01152	-4.90223
555	0.0799518	7.06636	5.06057
556	0.0958975	7.14367	15.0236
557	-0.0339406	7.1168	25.0205
558	-0.0815231	6.99295	35.0359
559	0.0931466	6.98633	45.0021
560	-7.14502	14.0949	-45.0086
561	-7.15017	14.2022	-34.9066
562	-7.03233	14.0609	-24.9302
563	-6.99897	14.207	-14.9759
564	-7.13397	14.0996	-4.93684
565	-7.13758	14.0778	4.9571
566	-6.97839	14.072	14.9283
567	-7.05617	14.1364	25.0727
568	-7.13704	14.1531	35.0932
569	-7.0025	14.1445	44.9071
570	-14.1727	21.2399	-45.0416
571	-14.0827	21.2589	-35.0831
572	-14.0907	21.1958	-25.0658
573	-14.1223	21.166	-14.9024
574	-14.1996	21.2012	-5.04641
575	-14.2378	21.2328	4.98778
576	-14.1821	21.2236	15.0161
577	-14.1551	21.1366	24.9088
578	-14.1838	21.1687	35.0183
579	-14.1919	21.1354	44.9192
580	-21.2571	28.274	-44.9558
581	-21.2001	28.2314	-35.0118
582	-21.1845	28.3808	-24.9309
583	-21.1517	28.2985	-15.0798
584	-21.1554	28.339	-4.99343
585	-21.3032	28.3413	4.92449
586	-21.2168	28.1993	15.0332
587	-21.302	28.2842	25.0549
588	-21.2946	28.3405	34.9088
589	-21.1777	28.1887	44.9293
590	-28.2308	35.3138	-44.9828
591	-28.288	35.4247	-34.9375
592	-28.2011	35.3512	-24.9429
593	-28.2334	35.3105	-15.0304
594	-28.2145	35.2661	-5.07753
595	-28.3093	35.2739	5.07765
596	-28.2862	35.3681	15.0908
597	-28.3544	35.377	24.9889
598	-28.2008	35.3934	34.9433
599	-28.1934	35.3267	44.9459
600	42.3439	-21.2924	-44.9977
601	42.4597	-21.1985	-35.0303
602	42.4208	-21.2177	-24.9365
603	42.3766	-21.2691	-15.0833
604	42.4448	-21.3017	-5.07451
605	42.4658	-21.2292	4.94205
606	42.4421	-21.1335	15.0528
607	42.4315	-21.3059	24.9725
608	42.5191	-21.1249	34.9085
609	42.361	-21.1364	44.9779
610	35.3346	-14.0488	-45.0016
611	35.4356	-14.1165	-35.0873
612	35.3039	-14.2231	-24.9921
613	35.266	-14.174	-14.9484
614	35.2814	-14.0568	-4.93734
615	35.3055	-14.1184	4.94633
616	35.3461	-14.2037	14.9257
617	35.2975	-14.0997	24.9326
618	35.3686	-14.1081	34.9206
619	35.3757	-14.0745	45.097
620	28.3814	-7.12523	-44.9101
621	28.2783	-7.14625	-34.985
622	28.2897	-7.09897	-24.9666
623	28.1962	-7.08952	-14.899
624	28.3464	-7.06474	-4.91418
625	28.3077	-7.01584	5.00904
626	28.3526	-7.12627	15.0469
627	28.377	-7.08531	24.9888
628	28.2082	-6.97328	34.9223
629	28.2274	-7.0541	45.0894
630	21.1521	0.0128255	-45.0654
631	21.1406	-0.0944969	-35.0413
632	21.2542	0.00953995	-24.9699
633	21.1862	0.020086	-15.0891
634	21.1858	-0.0191748	-4.98346
635	21.1702	-0.0971578	4.97107
636	21.2779	0.0698105	15.0152
637	21.2234	0.061106	25.1002
638	21.3108	0.0836297	35.0973
639	21.1318	-0.0746483	45.0136
640	14.0489	7.03394	-45.0745
641	14.0821	7.05978	-35.0698
642	14.1394	6.99919	-24.9612
643	14.0681	7.07063	-15.0419
644	14.0776	7.14166	-4.96199
645	14.1928	6.99714	5.03998
646	14.0625	7.16026	15.0089
647	14.1763	7.06889	24.9692
648	14.1751	7.06495	34.9519
649	14.171	7.08198	44.9764
650	7.01231	14.1583	-44.9617
651	7.03645	14.1966	-35.0741
652	7.06523	14.0921	-25.047
653	7.00268	14.1164	-14.9484
654	7.05935	14.1502	-4.97887
655	6.99597	14.0991	5.04616
656	7.13458	14.1177	15.0343
657	7.04212	14.0502	24.9311
658	7.10991	14.1814	35.024
659	7.16045	14.1086	44.9338
660	-0.0354208	21.2192	-44.9512
661	0.101453	21.2826	-34.998
662	-0.0739926	21.1749	-24.9492
663	-0.022346	21.2046	-15.0761
664	-0.0721665	21.291	-4.96932
665	0.0475789	21.314	5.08645
666	-0.00763925	21.2757	14.9609
667	-0.0746966	21.1448	24.9677
668	-0.0449621	21.2818	34.9058
669	0.0776245	21.2693	44.971
670	-7.16082	28.203	-44.9244
671	-7.0134	28.2024	-34.9563
672	-7.11275	28.2264	-25.096
673	-7.16332	28.302	-15.0059
674	-7.14085	28.3278	-5.02944
675	-7.01156	28.2733	4.97004
676	-7.02648	28.3636	14.9311
677	-7.167	28.1869	24.9614
678	-7.10069	28.2398	34.9286
679	-7.0963	28.2154	45.0833
680	-14.0976	35.2947	-44.8994
681	-14.1234	35.4501	-35.0828
682	-14.1811	35.3062	-25.0422
683	-14.1784	35.3118	-14.926
684	-14.0857	35.3398	-4.98402
685	-14.2165	35.2971	4.90349
686	-14.1479	35.4394	15.0813
687	-14.1181	35.4413	25.0824
688	-14.0581	35.3095	34.9364
689	-14.2309	35.382	44.9661
690	-21.1198	42.3954	-44.9963
691	-21.1207	42.5118	-35.0032
692	-21.3048	42.3705	-24.9539
693	-21.2484	42.4318	-14.8992
694	-21.2758	42.3858	-5.01643
695	-21.1612	42.4091	5.02361
696	-21.1591	42.5009	15.006
697	-21.1792	42.4225	24.9903
698	-21.1982	42.4042	35.0427
699	-21.1631	42.413	44.9677
700	49.4109	-14.1663	-44.9651
701	49.5133	-14.1763	-34.9816
702	49.4087	-14.1705	-24.9394
703	49.5534	-14.1083	-15.0358
704	49.5529	-14.0734	-4.97824
705	49.435	-14.124	4.90255
706	49.5573	-14.1724	15.0752
707	49.4619	-14.2409	24.9695
708	49.5508	-14.1284	35.0454
709	49.4922	-14.1809	44.9302
710	42.4876	-7.09747	-44.9942
711	42.421	-6.98291	-34.9286
712	42.3381	-6.97289	-25.0572
713	42.4973	-7.01818	-14.9236
714	42.3601	-7.06403	-4.95507
715	42.4805	-7.02769	4.96288
716	42.4817	-7.06912	15.0324
717	42.4555	-7.0059	25.0334
718	42.5236	-7.05378	34.9469
719	42.4676	-7.16033	45.0079
720	35.4255	0.070674	-44.9189
721	35.3299	-0.0360793	-34.9311
722	35.2999	-0.025813	-24.9333
723	35.3413	-0.0563016	-14.9808
724	35.3164	-0.0239971	-5.07413
725	35.2599	-0.0713151	5.06887
726	35.3214	0.0825397	14.9704
727	35.4525	0.0102279	24.9352
728	35.3845	0.00602825	35.0521
729	35.43	-0.0541443	45.0625
730	28.2656	6.98573	-44.9674
731	28.2453	7.05877	-34.904
732	28.2128	7.10181	-25.0303
733	28.3781	6.98626	-14.9872
734	28.2959	7.04576	-4.91171
735	28.3204	7.0488	4.91643
736	28.2879	7.11335	15.0984
737	28.357	7.10891	25.0081
738	28.1908	7.03649	34.9136
739	28.3416	7.00956	44.9589
740	21.2318	14.1604	-45.0271
741	21.163	14.2197	-34.9401
742	21.1577	14.0465	-25.0101
743	21.226	14.2386	-14.9956
744	21.1374	14.1485	-4.92161
745	21.1243	14.083	4.95542
746	21.1394	14.1849	15.097
747	21.1364	14.1558	25.0341
748	21.2431	14.1607	35.0989
749	21.2554	14.1162	44.9366
750	14.242	21.3042	-44.946
751	14.1135	21.1521	-34.9693
752	14.072	21.1947	-24.9658
753	14.1605	21.3056	-14.9702
754	14.0636	21.1279	-5.06471
755	14.2406	21.1371	4.97524
756	14.0946	21.1614	14.9171
757	14.0902	21.1827	25.0299
758	14.223	21.3108	34.9476
759	14.2205	21.2511	45.0208
760	6.98482	28.3201	-44.9892
761	7.13745	28.1894	-34.9513
762	7.06674	28.2173	-25.0708
763	6.99951	28.3336	-15.0795
764	7.12788	28.353	-5.06582
765	7.16179	28.3494	4.95707
766	7.03565	28.1998	15.0042
767	7.05137	28.2459	25.0727
768	6.97994	28.2247	35.0693
769	7.02615	28.201	45.0061
770	0.0747066	35.2837	-45.0593
771	-0.0159001	35.4479	-35.0553
772	-0.0686143	35.3414	-25.0235
773	-0.0408455	35.3676	-15.0754
774	-0.02172	35.3222	-4.90782
775	0.0110772	35.3107	5.05611
776	0.066766	35.3731	15.0705
777	-0.0303836	35.4511	24.9309
778	-0.0590519	35.2578	34.9701
779	-0.091181	35.3107	44.9856
780	-7.05739	42.3542	-44.9874
781	-7.01804	42.436	-34.9962
782	-6.97472	42.465	-24.9115
783	-7.09961	42.5217	-15.0006
784	-7.07634	42.3976	-4.93515
785	-7.08554	42.5063	4.91884
786	-7.13082	42.4707	15.0352
787	-7.16174	42.338	25.0296
788	-7.13225	42.3765	35.0307
789	-7.06355	42.383	45.0847
790	-14.0503	49.5653	-45.089
791	-14.139	49.5158	-34.981
792	-14.2366	49.5096	-25.0439
793	-14.0495	49.5785	-15.0501
794	-14.1515	49.4707	-4.98043
795	-14.1881	49.5537	4.99797
796	-14.1706	49.5914	14.9408
797	-14.2368	49.5982	24.9508
798	-14.1085	49.4345	34.9994
799	-14.1792	49.5394	45.0544
800	56.5135	-7.04156	-44.9794
801	56.5232	-7.14116	-35.0628
802	56.6408	-7.13833	-24.9523
803	56.4955	-7.14841	-14.9729
804	56.544	-7.06051	-4.90138
805	56.6622	-7.00915	5.05315
806	56.5588	-7.14033	15.0454
807	56.5981	-7.1377	25.0444
808	56.6475	-7.00682	35.0797
809	56.5456	-7.14657	45.02
810	49.4277	-0.0317528	-45.0505
811	49.5469	0.0214631	-35.0207
812	49.5828	-0.00766636	-24.988
813	49.5291	0.0178867	-14.9654
814	49.4548	0.0919256	-5.05485
815	49.452	0.0841544	4.90702
816	49.4038	-0.0270246	14.9377
817	49.5478	-0.098822	24.971
818	49.4908	0.0787886	34.9352
819	49.4692	-0.045597	44.9597
820	42.5169	7.05429	-44.9723
821	42.365	7.00215	-35.051
822	42.443	6.98588	-24.9589
823	42.3537	7.11591	-15.0412
824	42.4869	6.97163	-5.04953
825	42.3307	7.02459	4.93441
826	42.3363	7.02931	15.0072
827	42.3726	6.97806	25.0081
828	42.4423	7.06986	34.9867
829	42.4761	7.14002	45.0409
830	35.2635	14.2001	-45.0762
831	35.3898	14.237	-35.0455
832	35.4374	14.1518	-25.0311
833	35.3771	14.1774	-15.0866
834	35.4345	14.1361	-5.08645
835	35.2836	14.1387	4.96669
836	35.3166	14.1469	15.0246
837	35.4224	14.1914	25.0312
838	35.3291	14.1055	34.9296
839	35.4145	14.0535	45.0982
840	28.2831	21.131	-44.9445
841	28.3055	21.2635	-34.9502
842	28.3586	21.2437	-25.041
843	28.2261	21.1636	-14.9063
844	28.238	21.1408	-5.01283
845	28.2502	21.1672	5.08318
846	28.3155	21.2265	14.9874
847	28.2387	21.1917	24.936
848	28.3685	21.2636	34.9989
849	28.1967	21.2208	45.0096
850	21.1226	28.1888	-44.9733
851	21.2767	28.308	-35.0237
852	21.2252	28.2802	-25.0939
853	21.2828	28.32	-15.0442
854	21.2751	28.3717	-5.01728
855	21.1609	28.2356	5.03596
856	21.1427	28.3648	14.9486
857	21.2287	28.2172	25.0263
858	21.2634	28.1993	34.976
859	21.1608	28.2097	45.083
860	14.1982	35.2881	-44.9133
861	14.1235	35.4494	-34.9905
862	14.1984	35.3592	-25.0954
863	14.2032	35.3266	-14.9606
864	14.0576	35.2863	-4.97402
865	14.1389	35.3318	5.07642
866	14.0735	35.3591	15.0561
867	14.1207	35.2724	25.0881
868	14.0457	35.4203	34.9023
869	14.1203	35.2658	44.9269
870	7.03098	42.4907	-45.0414
871	7.01626	42.3697	-35.0484
872	7.1244	42.5236	-24.9455
873	7.12761	42.4823	-15.0753
874	7.06566	42.4954	-5.04541
875	6.99025	42.3898	5.03002
876	7.16529	42.4188	14.9328
877	7.11997	42.495	24.9488
878	7.10667	42.4962	34.9127
879	7.10758	42.372	44.9221
880	0.0621571	49.5006	-44.9148
881	-0.0806272	49.5433	-35.0727
882	-0.030366	49.494	-25.0767
883	-0.07729	49.448	-14.922
884	-0.0540029	49.5401	-4.95421
885	-0.000790062	49.5567	4.908
886	-0.0721484	49.5484	14.9992
887	-0.040776	49.4948	24.9667
888	0.00661365	49.4278	34.9353
889	0.0179727	49.5618	44.9797
890	-7.03217	56.5925	-44.9186
891	-7.04833	56.6092	-34.9741
892	-7.0224	56.4761	-25.0789
893	-7.00047	56.4961	-15.0297
894	-7.02384	56.5394	-5.08846
895	-7.07943	56.6359	5.06945
896	-7.07281	56.661	15.019
897	-6.97496	56.5175	24.915
898	-7.10968	56.6214	34.944
899	-7.07581	56.5367	44.907
900	63.7118	-0.0974433	-44.9706
901	63.6919	0.0224252	-35.0315
902	63.6164	-0.0317821	-25.0255
903	63.636	-0.0640529	-14.9995
904	63.7049	0.0803018	-4.93019
905	63.7151	-0.0309341	5.03562
906	63.6832	0.0644526	15.0266
907	63.6008	0.0576875	25.0741
908	63.6144	-0.0837978	35.0254
909	63.657	0.00859316	45.0921
910	56.5917	7.05049	-44.9052
911	56.5197	7.00121	-34.9827
912	56.5868	7.0764	-24.9144
913	56.6599	6.97128	-15.0783
914	56.559	7.13505	-5.09789
915	56.5274	7.10898	4.97129
916	56.6616	7.05098	14.9359
917	56.5868	7.11063	25.0937
918	56.5595	6.98388	34.91
919	56.4836	7.09973	45.0187
920	49.4034	14.0924	-44.9019
921	49.5968	14.1418	-35.0718
922	49.5127	14.0583	-24.9666
923	49.4969	14.0479	-14.9664
924	49.5172	14.1366	-5.00247
925	49.518	14.1937	4.9354
926	49.5879	14.1851	15.0153
927	49.4224	14.1017	24.9548
928	49.4146	14.191	34.9675
929	49.4232	14.2043	45.0961
930	42.4696	21.2795	-45.0538
931	42.4663	21.2769	-34.9544
932	42.4931	21.1902	-24.9384
933	42.4252	21.2878	-14.9329
934	42.3574	21.2057	-5.03865
935	42.4535	21.1243	4.91275
936	42.4876	21.3128	15.0555
937	42.4014	21.1358	24.9149
938	42.4548	21.1511	35.0635
939	42.521	21.1749	45.0254
940	35.4449	28.1874	-45.0086
941	35.2897	28.3252	-35.0453
942	35.4339	28.2899	-24.9686
943	35.3941	28.1866	-14.9944
944	35.3598	28.2156	-4.90235
945	35.4198	28.3406	4.90834
946	35.4311	28.2997	14.9075
947	35.3853	28.3727	24.9298
948	35.3988	28.2991	34.9672
949	35.3609	28.2916	45.0286
950	28.214	35.3502	-44.9688
951	28.304	35.3823	-35.0284
952	28.3574	35.3586	-24.9233
953	28.2873	35.2951	-14.9215
954	28.1915	35.3974	-5.09077
955	28.1878	35.3596	5.06506
956	28.1947	35.3332	14.98
957	28.2009	35.2609	24.9679
958	28.2293	35.4021	35.0822
959	28.2951	35.3055	44.9891
960	21.1514	42.4041	-44.9168
961	21.2812	42.5215	-34.9906
962	21.1514	42.4922	-25.088
963	21.1267	42.3929	-15.0489
964	21.3038	42.3977	-4.90757
965	21.3117	42.3989	4.99597
966	21.2754	42.407	15.0731
967	21.154	42.4212	25.078
968	21.2205	42.4638	35.024
969	21.2014	42.3723	45.0735
970	14.2181	49.4792	-45.0497
971	14.2	49.4447	-35.0555
972	14.108	49.4804	-25.0906
973	14.1186	49.4914	-15.025
974	14.1684	49.4795	-4.95449
975	14.1594	49.4754	4.91711
976	14.054	49.4351	14.9968
977	14.2257	49.4733	25.0907
978	14.2023	49.5781	35.0273
979	14.1249	49.4637	45.0723
980	7.02612	56.5082	-45.047
981	7.07504	56.6634	-35.0008
982	7.11817	56.5265	-24.9189
983	7.12623	56.6003	-15.026
984	6.99989	56.5239	-4.94497
985	7.14402	56.6384	4.93198
986	7.15974	56.6476	14.9685
987	7.05515	56.6285	25.0433
988	7.0445	56.5859	35.0229
989	7.17039	56.666	45.0881
990	0.0704134	63.5894	-45.0734
991	-0.0779363	63.6905	-35.0797
992	0.0199205	63.6347	-25.0229
993	-0.000321421	63.587	-15.0923
994	0.0723337	63.613	-5.0382
995	0.025986	63.583	4.93048
996	0.0565809	63.5689	14.9083
997	-0.0762591	63.6501	25.067
998	0.0657041	63.7206	34.9832
999	-0.0127513	63.7171	44.9794
